Sample.Name	Sample.Type	Classification	TMAO_76.1_58_qual	TMAO_76.1_59.1_quant	Choline_104_58_qual	Choline_104_60_quant	Carnitine_162.1_103_quant	Carnitine_162.1_85_qual	Creatine_132.1_44_qual	Creatine_132.1_90_quant	Trigonelline_138_92_quant	Trigonelline_138_94_qual	stachydrin_144_144_qual	stachydrin_144_84_quant	Histamine_deriv_247_154_quant	Histamine_deriv_247_95_qual	Taurine_deriv_261_126_quant	Taurine_deriv_261_136_qual	Carnosine_deriv_362.2_207.03_quant	Carnosine_deriv_362.2_269.02_qual	Anserine_deriv_376.1_241.03_quant	Anserine_deriv_376.1_283.03_qual	1.Met.His_deriv_305.1_124.03_quant	1.Met.His_deriv_305.1_83.07_qual	Hippuric.acid_180.1_105_quant	Hippuric.acid_180.1_77_qual	t4.OH.Pro_deriv_267.1_132_quant	t4.OH.Pro_deriv_267.1_86_qual	3.Met.His_deriv_305.1_168.04_quant	3.Met.His_deriv_305.1_212_qual	Phenylacetylglycine..PAG._194.1_76_qual	Phenylacetylglycine..PAG._194.1_91_quant	Ethanolamine_deriv_197.1_136.02_quant	Ethanolamine_deriv_197.1_62_qual	HArg_deriv_324.1_189.03_quant	HArg_deriv_324.1_84.06_qual	ADMA_deriv_338.2_203.03_quant	ADMA_deriv_338.2_46.08_qual	SDMA_deriv_338.2_172.03_qual	SDMA_deriv_338.2_203.02_quant	Met.SO_deriv_301.2_237_quant	Met.SO_deriv_301.2_88_qual	Met_deriv_285.1_133_qual	Met_deriv_285.1_150_quant	IS_Methionine_292.1_140.1_CE25_qual	IS_Methionine_292.1_157.1_CE15_quant	Kynurenine_deriv_344.2_146.03_qual	Kynurenine_deriv_344.2_192.02_quant	Trp_deriv_340.2_146.04_qual	Trp_deriv_340.2_188.03_quant	IS_Tryptophan_348.1_151.1_CE35_qual	IS_Tryptophan_348.1_195.1_CE25_quant	Putrescine_deriv_359.1_114.04_qual	Putrescine_deriv_359.1_266.01_quant	IS_Putrescin_363.1_118.1_CE35_qual	IS_Putrescin_363.1_270.1_CE15_quant	Cadaverin_2xderiv_373.1_128.03_qual	Cadaverin_2xderiv_373.1_280.01_quant	IS_Alanine_228.1_136.1_CE30_qual	IS_Alanine_228.1_93.1_CE15_quant	IS_DL.Proline_258.1_123.1_CE18_quant	IS_DL.Proline_258.1_76_CE35_qual	IS_L.Histidine_296.1_115.1_CE30_qual	IS_L.Histidine_296.1_203.1_CE15_quant
MeOH 1	Blank	Pre 1	5427	43691	119539	122666	104987	181220	1594	N/A	5733	58548	636878	25709	2110	2875	1238	1309	4061	15050	1938	198	395	1590	2579	57639	1670	454	1426	2547	4875	9653	6454	4338	878	846	483	2651	2328	217	3895	270	4830	678	1434	3663	3452	3114	3529	3458	2018	93317	1376	10456	2522	15471	2961	9100	19666	61267	1263	685	907	1017
blank = water	Blank	Pre 1	10226	26038	264591	88016	178945	228875	755	N/A	11565	5045	1288952	35778	588	2149	886	908	516	934	615	211	254	511	6327	48421	989	944	3564	953	461	4740	3498	N/A	2025	879	189	2066	1360	1951	1718	712	5094	784	2494	3370	2797	1321	2635	2413	2986	1582	2063	252	1052	1572	1305	2034	1663	928	836	769	613	2872
IS Mix 1	Blank	Pre 1	3598	33084	83000	80959	12335	187057	3713	N/A	21915	12472	586748	22288	1740	1641	2903	49547	3794	18098	2649	669	1847	782	4107	48455	2823	1156	2113	2582	429	4948	8390	9254	1351	471	1117	3062	1401	1647	9156	1283	6545	3105	581903	1114009	3421	2057	9878	3212	5605303	11025863	2573	13691	4600350	17279157	2367	12228	454331	874996	28064965	20374939	1120203	1513175
Cal 7	Standard	Cal 1	31900	21733	72257	111658	47126	190740	5385	N/A	53997	102698	768042	56639	2503	3252	6624	21144	84096	113480	46161	8379	15374	4335	21098	114645	21816	9646	N/A	33457	4417	6144	32826	37477	17105	12393	16906	2569	5111	10938	3343	2524	6046	30420	971673	1835241	6344	11929	21546	35496	8578411	17998777	5421	36095	8628033	29570633	2952	34635	672521	1205725	43667059	31992053	1926676	2523486
Cal 6	Standard	Cal 1	111191	82371	120399	208806	187022	206865	14822	3.09E+04	173498	89131	2162793	173490	332302	196419	36627	35386	54440	71233	69866	39426	61208	11426	80421	95272	102792	49205	76692	166162	48059	27727	76620	99176	116788	60176	93875	16185	15464	79820	30872	9881	39813	89523	1229074	2443480	25018	40984	71479	128367	9988653	21887579	106679	405373	10137733	31782467	111210	565741	836855	1483970	50716871	35071963	2615674	3341082
Cal 5	Standard	Cal 1	305090	224936	235271	426751	422662	153518	59574	1.14E+05	375095	203163	4774751	544759	932456	535737	100407	43928	66862	175164	220530	118230	153258	27932	177227	179507	276811	128304	241825	417301	39147	72165	242185	288324	342247	182905	288466	36301	63039	252479	75483	34913	89367	191428	1014999	1939602	71682	105293	218428	416217	9010739	19532393	315229	1131537	8633384	28690590	363251	1425237	787407	1294263	46065966	34922296	2305383	2676133
Cal 4	Standard	Cal 1	1062255	705612	502411	1008243	1106862	679261	122729	2.58E+05	950845	542647	11546709	1589980	2341052	1291064	255611	102202	127582	209585	456860	320151	440664	89839	584550	422908	834038	353132	629166	1193780	114076	205996	601507	668246	727001	421221	662328	83314	129757	605621	177168	81989	205457	418177	860014	1753122	170314	221837	484622	1116937	8443113	16845004	928494	3302021	6038884	19458551	887705	3934650	639022	1104885	42291349	30373733	1914489	2557874
Cal 3	Standard	Cal 1	2271599	1827750	953581	2134764	2126680	1060729	307941	6.36E+05	1984083	975332	23095368	3333447	6478791	3904379	871124	325550	416327	489124	1403180	852306	1299567	263911	1925397	1409222	3154829	1444816	2167658	3919325	424355	675230	1634107	1872190	1977849	1141420	2022053	218692	435482	1803205	474210	239989	616920	1179124	726021	1309490	598015	946445	1786316	4093655	8772423	17393034	2644968	8834856	5150630	17067791	2364311	9572362	437534	785469	44562200	31931562	1682995	2150411
Cal 2	Standard	Cal 1	7395807	5287018	2842613	6366927	4584363	2301436	829412	1.73E+06	3953622	2221444	58054927	9178152	16605443	9439279	2845489	1077744	1431551	1706162	5046995	3061795	4422590	971456	5795746	4436779	9796207	4356848	7371081	13049605	1264149	1968526	5368024	5956234	6670797	3913185	6699632	754999	1519818	6409662	1527657	827256	1817460	3580440	710554	1386860	1787267	2456295	5476000	12224889	8350161	17282685	12478964	38763643	7159346	24292360	16615059	58670607	494936	854446	43283660	32198917	1791395	2209406
Cal 1	Standard	Cal 1	13016068	9596644	3913380	8943416	5858393	3049056	1229644	4.11E+06	5774973	3520705	88093453	14864472	37840431	21295146	8257508	3176385	4352024	5261637	14862145	9448457	11139501	2372672	14354053	10095603	25824882	11369343	19401607	34409688	3851171	6090049	15910130	17965159	17857813	10610844	20436422	2412588	5432130	21961578	4859069	2587199	5357209	10532265	596990	1157540	3963821	6356472	13488321	32019578	6298246	14182610	32471191	95211833	5622926	19683666	25861519	91482390	410384	723377	43860578	30913492	1422656	1900984
blank = water	Blank	Block 1.1	7558	35154	219057	107022	118427	244138	3521	1.43E+05	35178	3195	752312	26643	1914	2470	958	624	2193	1444	980	804	1379	525	4937	35115	1328	1840	1429	1163	108	4931	2799	1367	1220	307	3963	1101	792	776	2089	675	994	3190	1031	1411	5685	8279	5851	27579	6183	11467	25239	84878	4313	31493	15415	55327	2159	781	2425	2131	906	2428
MeOH 2	Blank	Block 1.1	3616	20567	89658	107910	107624	179735	1839	9.99E+04	4380	65419	636480	26948	1040	2462	1358	785	6427	11515	1376	1647	583	1312	5010	34502	1680	1216	3932	1148	3432	7781	15788	3362	1625	473	486	9685	1992	937	9627	413	2682	1207	1244	8552	1984	1562	8452	5146	4364	85770	15529	58413	9833	18855	17451	67150	27477	61482	2584	1632	675	892
QC 1	QC	Block 1.1	308368	187637	884225	2003368	555045	624516	209164	5.16E+05	202390	96466	823507	104013	222921	129944	2573437	1033180	500172	546043	29662	22903	559672	116465	1574850	1107687	9856908	4293110	396071	870519	191903	321400	59908	76483	219740	110785	323373	32235	47165	203518	144682	63738	3266652	6632375	953876	1693574	29831	59940	3950671	8699122	6134767	12672230	124327	445665	5740386	19386961	114967	465224	1132904	2148606	28488551	20049858	1849635	2458848
P78	Sample	Block 1.1	81203	50568	1050339	2517118	577821	784740	128055	5.48E+05	292839	137395	889901	137959	30903	15120	5008292	1909406	905367	1132663	55546	21119	666157	140231	511851	395932	17233026	7553646	508718	1075832	390206	650205	45968	53154	561094	327977	648235	67167	94948	434309	274677	153316	6312542	12939343	1521726	2995301	48098	66145	7158384	16863758	11214570	23803112	164475	563361	9514596	30580945	75024	325854	1468240	2495067	48884140	35353030	3246385	4149192
P69	Sample	Block 1.1	567679	359391	1585201	3921080	805716	991626	217193	7.97E+05	386834	185342	1924220	273275	148656	90259	5423853	2055784	1659309	2031358	153422	112608	1314548	283336	6018959	4420322	23271853	10347192	1046424	2311082	526875	831063	322629	362383	471160	299624	1175133	121807	145151	685068	391285	206915	8806026	17187857	2092248	3994594	79126	118329	8380496	18320426	15729867	31727461	279935	967873	13693791	41095216	771709	2842484	2187283	3912827	64567873	45123288	4856864	5827057
P40	Sample	Block 1.1	235779	132487	822084	2086563	1239873	942694	295224	8.17E+05	203594	128944	1765175	237867	236864	130087	1883817	724726	931267	1005657	60901	34528	1361345	284266	2500331	1799648	17149575	7444454	761134	1920265	582165	977245	87562	86585	536795	306711	605311	62890	127520	478803	179722	85662	5146976	11246382	1648620	3131058	23703	35096	3175916	6244846	11484717	24386967	161452	520469	9606475	30924243	163030	629246	1779442	3180180	46417720	34367338	3459787	4364472
P64	Sample	Block 1.1	58356	22917	516579	1373097	650072	803061	65862	2.52E+05	203699	94762	523520	91886	224086	123399	3461978	1438822	855470	951903	67264	44143	1069726	225586	597626	421579	20985301	8848920	693882	1509372	548281	860174	57045	59215	181208	114245	803961	96499	139419	559163	290498	159895	7347964	14884356	2101861	3774952	57784	81527	7823147	16507081	13727487	28111029	164037	566062	11752235	39096003	454020	1801684	2239817	3830537	56247388	38921767	4563387	5466621
P41	Sample	Block 1.1	588918	412642	785607	1914434	1395122	982264	236047	5.61E+05	121929	73119	724995	123705	6733553	3780332	14398954	5581764	1021829	1165300	73531	33238	982082	202787	376982	283698	12561512	5302907	681156	1499921	592308	915630	166876	178003	485795	277518	461009	52803	92378	374507	271353	132418	6059034	13054627	1526959	3083758	33767	38457	4822972	10179213	11110485	21927485	355404	1118844	9787211	31709883	655626	2437035	1578054	2703098	46661791	33311054	3135170	3743076
P79	Sample	Block 1.1	352121	191910	851670	2070311	466656	684901	145004	5.93E+05	202876	101597	1078055	112603	369428	200131	8180835	3179057	1239368	1381592	55504	54058	874462	175039	643037	466149	19721239	8476846	440748	1133549	472181	703964	168438	167088	645425	375871	1113466	122277	112795	520982	343186	174326	8534589	18560058	1875585	3765784	51211	89762	7982635	18262339	13691421	28644852	234131	815922	12286537	41250120	151193	653985	1970282	3385495	56213047	40756071	4814516	6208741
P43	Sample	Block 1.1	446134	359386	675664	1768525	852294	830458	200303	4.99E+05	218509	81022	678355	79861	694422	404917	2885591	1089975	894669	956076	85559	60059	859883	174433	291833	256955	15790894	6893131	651210	1423203	372564	626251	36596	39387	285518	168457	524503	56754	93149	348110	181682	85567	4694899	9603514	1748138	3425166	49223	68662	5699922	11013702	11225913	24079089	146611	512693	10306935	33359696	274062	985011	1932134	3298272	49697772	35938250	3452845	4727866
P72	Sample	Block 1.1	429402	284693	973792	2183400	650111	806834	160469	5.59E+05	244825	140190	1664124	224483	139176	87198	2310069	876425	1493606	1689011	92563	63465	1676490	352487	5921080	4356274	20604869	8662249	1386379	2960883	148510	223440	131806	123668	856194	514588	1123421	119470	213156	790096	356521	190298	5814706	11767759	2140460	4034905	127115	188094	6671086	14383311	13405574	30449196	380747	1283726	12575901	41503540	332260	1388681	1984355	3404524	59951712	42383581	4509610	5529530
Cal 3	Standard	Block 1.2	1824967	1222004	850862	1951470	1695841	996697	183258	6.04E+05	1861010	929947	21541189	3255598	4618145	2638104	836876	345385	343308	402487	1078698	700367	952078	209488	1368477	994224	2781599	1157211	1673417	2989536	272503	465379	1091705	1341405	1662582	1016455	1769864	197225	374985	1528630	431203	204061	462855	917032	568001	1177414	495254	716126	1529314	3282470	7037889	14517699	2018753	6624905	3905732	13011656	1857807	6345072	318380	585607	34097264	24046512	1231145	1569671
IS Mix 2	Blank	Block 1.2	N/A	19914	45541	51240	98113	122387	4734	8.29E+04	81576	11329	593306	28710	3813	1758	1488	60118	3765	12669	698	1706	2498	1474	3762	27567	2752	2697	2910	1164	10239	3315	6769	9034	1998	535	983	8151	753	248	6137	2245	4517	5850	1138179	2234451	5329	3553	17523	4077	10133185	21530817	7757	36282	10135745	33276316	10851	59088	783435	1364379	46434907	33769492	2616585	3189934
P77	Sample	Block 1.2	359183	255466	832192	2014078	456499	599997	84185	2.74E+05	200831	119318	901038	107774	150153	70644	3653054	1439597	640712	753134	33075	23254	734922	154480	4036667	2935601	13454927	5483032	593543	1250975	135002	265417	58102	59664	360322	212374	522213	65183	83558	335144	266448	123024	5872838	13826068	1220666	2634452	53270	77983	5331848	11556223	8771570	19558995	167069	571508	7378980	24271323	258155	784096	1397427	2436904	38756976	27952378	2833075	3535469
P52	Sample	Block 1.2	94931	74001	1030244	2400688	789419	877235	293224	7.18E+05	139086	100021	654612	74900	100428	67502	6687678	2595314	654097	737155	44441	42911	1191972	270559	414866	323856	15964812	6610510	553570	1540935	255191	422059	36579	33705	735820	424276	813425	84569	97681	435496	344299	184275	10573193	21797811	1862407	3856556	53807	83779	7063144	17303256	12314262	25857595	246064	750569	12461620	39617360	372830	1511980	2051928	3624438	53508100	40508079	4479597	5796542
P60	Sample	Block 1.2	34269	9819	813591	1932328	1057158	1018326	276194	7.98E+05	240533	97194	815551	95378	57826	35781	3160172	1200500	803642	929186	79475	53030	1213010	267761	457068	361403	16410663	6703177	705017	1608553	339020	613865	27811	33319	329626	209909	564639	65723	98985	377312	144409	76633	2806565	6096836	1695714	3296127	38809	62218	4910692	10235174	9854060	21786889	178872	548946	9242603	30012508	165968	689524	1873059	3293069	47189741	33407360	3415555	4117499
P73	Sample	Block 1.2	116289	67119	983096	2566517	567782	939219	111592	5.01E+05	113581	77214	682988	77314	282767	156453	9066688	3519681	563921	602120	61143	45020	590400	129828	444755	365913	19168035	7962936	495831	1053160	592510	981424	134403	151089	260819	174544	975017	83699	121318	457224	316939	137037	9636028	19085123	1942026	3698273	43306	49560	7624732	16955275	11752924	24406413	198118	668254	11026917	35507324	218066	931245	1792216	3096295	49259647	36356074	4039682	5243891
P53	Sample	Block 1.2	58286	36954	570835	1413030	573471	554580	282564	7.88E+05	173786	73222	680350	82147	110053	68184	2421950	912454	1452312	1682050	54040	45314	1177525	244273	3117702	2214048	16998850	7103685	898579	1969136	201554	382100	38998	25606	131379	81063	564720	68855	125297	477969	257621	129522	4834057	9683546	1406207	2828916	26740	35826	5568595	12867833	9475564	18633194	209196	669941	8468470	27040138	330286	1280553	1575039	2853655	40093563	27508629	3079850	3859172
P68	Sample	Block 1.2	223913	110381	705293	1697903	404404	713886	126609	4.78E+05	154654	61931	949287	93013	655600	362672	9333197	3753570	516997	598374	54618	23008	624075	149148	412266	341201	15238201	6312552	699257	1330784	317154	577265	93849	101146	386057	235542	546557	60572	76223	290186	210423	102334	4939985	9941424	1198604	2346312	43779	77284	5690746	12759443	9298307	18309825	192409	620640	6815730	23166250	238781	977293	1180699	2105011	39205716	27281293	2600197	3263606
P66	Sample	Block 1.2	153714	100078	651583	1697977	800782	982155	81247	3.04E+05	120242	52557	1162419	114974	36504	17520	3568267	1319858	1105738	1127232	77678	56131	1107658	225316	572407	458087	22144404	9413672	888586	1860794	559679	989216	107584	115305	424082	222308	1125419	131586	115609	492442	254769	132028	8037769	16969854	2051007	3814905	41413	55910	5357014	11893409	13051239	27011229	247533	819552	11830175	37672522	713549	2456823	1850568	3173484	54316907	38801656	4198061	5601955
P82	Sample	Block 1.2	122621	62420	881125	2091096	499168	639243	140301	5.25E+05	227457	115129	1269220	136249	24498	15631	1337654	533319	558879	600244	29027	18768	825681	182789	3847820	2927246	12766630	5280302	546835	1148618	109814	193325	43192	33766	425300	223741	531172	53257	65221	274634	211956	110132	3366237	7108683	1123571	2216941	42017	63643	4853518	10578936	7203104	14920248	151728	474779	5992145	19480894	50016	227391	1128706	2015255	33998740	24597856	2337664	3134901
Cal 3	Standard	Block 1.3	1544396	966874	715776	1637662	1667293	974431	149842	5.52E+05	1737636	892912	19835981	2967022	3597807	2302897	659826	237544	310562	313838	893455	552256	797258	174981	1003567	833213	2425290	984505	1465758	2626428	242584	398032	879034	1061331	1662735	884170	1600777	188247	315291	1314638	332313	169337	367334	798435	492715	968544	391260	576059	1283375	2693329	5727915	12410197	1554244	5494472	2906319	9930515	1508025	5375536	284802	521500	32019570	22373418	1069307	1423910
IS Mix 2	Blank	Block 1.3	N/A	66588	32342	31641	63213	24080	1545	9.79E+04	63902	53743	460677	15635	1517	1301	3302	57453	5017	7841	2198	2999	2472	1253	2511	18766	2661	2517	2106	1317	11756	4134	6512	6243	3106	251	293	3556	707	167	5825	848	2732	8805	1017713	1775281	2169	4473	28096	6280	9467554	19770033	10263	30872	8544261	29689578	10289	51120	658106	1204945	41662909	30635899	2202264	3019995
P46	Sample	Block 1.3	625210	363949	831532	1939320	547347	618875	111322	4.01E+05	237275	133211	1889866	278680	25976	18030	1350028	492014	611868	713842	46935	36905	882503	191991	4534789	3282386	18269537	7418347	870721	1732455	231158	385208	61282	55245	538208	318668	667513	65220	81309	350635	201722	106295	3069749	6645056	1326218	2479317	39560	52226	6494138	14174422	9817333	18706954	104355	406670	7592141	25094637	316883	1507442	1403192	2545723	40728839	27980138	3002036	3914141
P65	Sample	Block 1.3	365502	221007	726237	1834656	535919	699239	33988	1.14E+05	103239	69328	1102580	149121	1450414	854125	4272522	1717058	770196	798109	52195	22950	884492	172135	3102315	2658583	14978977	6279138	720035	1449868	102400	208444	121399	153569	645086	365181	693347	73890	131488	555750	193473	103105	3412852	8020866	1647019	3307943	45755	62001	5943470	13917897	11484974	23635779	265602	794841	10839830	37015024	294114	1318610	2180329	3879947	48829216	34980220	3160421	4208735
P49	Sample	Block 1.3	376804	232575	944099	2218000	395077	742029	95116	2.21E+05	138626	71263	630093	78725	313336	191048	5514893	2141472	898946	982186	63392	39378	979330	203338	259878	240985	12482686	5444563	746394	1666507	193878	387317	71619	78075	331006	202733	949442	84950	83265	376747	232213	127365	5068761	11288253	1670842	3096694	66828	102603	5730681	11894631	10575666	21570862	155907	601156	9000708	32116142	383844	1343006	1751243	2993897	44697150	30387211	3671653	4659919
P56	Sample	Block 1.3	159109	95569	677770	1684608	508362	590160	97148	2.94E+05	111553	60997	552629	74354	442212	277922	2979313	1255266	869105	914948	49431	25874	913613	180631	388809	320063	15158369	6400613	595900	1314396	263337	460123	67587	66137	262626	131027	722978	72385	110313	429025	294749	155980	6122675	13218727	1554269	2933944	63646	75625	7165063	15629084	9994347	18823425	174157	586425	8567300	30293807	524595	1822477	1597814	2854630	42490162	29524802	2954940	4073976
P86	Sample	Block 1.3	101143	60755	749189	1966190	314279	436640	122943	4.38E+05	131323	65662	516640	67933	50934	32763	3955885	1499615	769825	821280	35012	10868	597901	132780	2543721	2039010	14574917	5696645	521049	1094276	134497	237833	35242	29916	303909	185768	532026	57332	62996	269876	266496	134312	6326381	13930709	1065411	2261484	44162	65110	5820651	11322688	8075585	17107828	113411	373309	6071612	20884058	35507	150609	1146698	2097227	33430447	23720853	2699795	3587062
P51	Sample	Block 1.3	131964	87655	814995	1853819	410674	543323	123653	4.39E+05	166000	100721	723101	94168	78342	37844	2578933	938366	450196	440423	23215	22982	768381	162531	332906	272729	10976641	4556393	317747	880198	120704	214541	74118	72643	313538	189010	554151	64291	61756	245519	269909	132027	5748044	12947666	1006267	2238145	43788	62495	5167471	12509310	7695870	15343453	136893	476593	5987755	21541029	225326	812402	1171624	1996361	32720496	22903027	2429032	3271011
P63	Sample	Block 1.3	248672	136276	874468	2053861	463677	669857	115904	4.27E+05	150923	96942	1026009	160623	385024	255817	1608925	582242	1127926	1435735	52560	53122	1225866	252326	4598693	3814219	15898591	6583519	1032465	2096987	111160	218396	100938	106312	765899	438762	968039	105370	118309	494950	334820	174231	5529881	11803824	1503232	2971353	38347	72874	7094232	15251078	9700385	20744710	171813	573282	8274971	27496711	235275	921397	1652128	2825574	42793532	30913331	3270623	4562825
P71	Sample	Block 1.3	99784	57735	672351	1695775	635784	787692	92501	3.51E+05	162576	79029	786951	67443	945542	580477	6738613	2777564	1156414	1088716	58451	33751	670135	147270	195537	157509	15699362	6369564	683711	1345437	137542	256023	89928	98065	290556	177533	603942	60733	99564	355785	245352	110134	4983068	10722049	1623791	3080731	27218	26552	4918459	10169745	10121228	21397063	160279	566674	9223843	30869883	128437	527551	1607123	2867027	47592633	33004005	3964275	5090595
QC 1	QC	Block 1.3	140640	91161	503231	1259616	316286	605511	127320	3.50E+05	142531	70121	658124	54814	122193	77652	1683177	581004	389072	346790	19899	10347	378276	84152	865281	747976	7195455	2992809	302463	664687	96902	200489	37764	35737	161095	97964	224298	21833	37988	143385	108790	48116	2145734	4546301	618792	1140173	24489	38817	2553537	5726151	3937642	8443348	68350	235313	3054360	10616358	77378	275141	767076	1225392	17831866	12083246	1350888	1737350
MeOH 1	Blank	Block 1.3	1818	20826	48865	59997	53990	111890	2112	1.23E+05	7757	10341	359680	13383	393	2434	2368	1623	2258	6494	1637	1383	735	682	3606	7363	2970	436	1733	413	2402	5054	2219	1853	979	452	93	N/A	336	1446	5197	251	6239	1172	1343	6438	1307	1758	6627	2980	7872	30270	620	4229	8929	27325	1082	2595	12608	33714	5372	3985	1176	1983
blank = water	Blank	Block 1.3	4031	9869	154485	39134	54920	53717	2942	7.36E+04	15498	3595	1032800	31411	969	924	200	2466	875	450	61	483	230	686	3757	6737	2224	1191	2054	521	N/A	3728	796	135	1993	93	275	870	246	168	6252	307	2418	613	857	5037	518	1090	1102	2316	6450	3920	1653	1092	1256	2307	627	1266	1269	675	5991	3446	457	955
IS Mix 1	Blank	Block 1.3	N/A	11657	29310	38844	65453	106340	749	9.15E+04	17086	8596	479263	16645	1420	1422	1949	26712	3798	7139	845	932	1521	384	2142	15821	2115	1854	3001	1095	7026	2474	3696	5500	1456	N/A	720	211	687	1031	10999	736	1275	3718	301237	588533	2006	3679	7268	2769	2979960	5854584	2531	7001	2241818	8020107	935	15624	243643	440063	14694774	11130342	700739	767479
Cal 7	Standard	Cal 2	8972	9760	29564	41941	19226	85767	3785	9.25E+03	36986	51456	616287	38953	3121	1047	8698	11201	34748	32100	18408	6980	6465	632	9536	30769	23025	4847	N/A	19012	1874	5914	22466	27271	17133	7405	9005	2103	1316	6687	6789	2803	5594	16392	552849	1047918	3995	5703	12993	12946	4869733	9638812	2426	21462	4150203	15134778	1763	26485	393240	687391	24645119	18124536	1139337	1503392
Cal 6	Standard	Cal 2	38839	30849	62892	93608	99637	127544	5741	2.82E+04	101949	50873	1248058	116723	170690	104339	29486	17992	16520	35229	42713	24927	33398	6780	32323	40894	75291	30685	47379	93990	4072	17611	39252	44597	88088	46645	60286	11066	11607	45639	20636	5962	17242	44061	637124	1317838	11036	22806	47345	94530	6135768	12185724	51991	208853	5218913	15559482	113762	440115	443139	789534	28179108	18983794	1357804	1774272
Cal 5	Standard	Cal 2	151626	93592	104208	234974	254089	90922	33601	7.31E+04	273954	124046	3167546	319701	493039	307670	66907	29616	42397	78330	121040	76169	91858	23723	83575	71835	188167	78240	141858	256096	16036	40202	130908	130561	277643	153860	176538	21366	37891	143754	64583	23302	50150	99691	553275	1126609	43056	46123	126029	240814	5152010	9580814	150007	529825	4219617	14893502	257724	669296	420364	681011	24815818	17883990	1339377	1645515
Cal 4	Standard	Cal 2	419697	279361	242075	541733	575861	266102	72179	1.94E+05	719739	361185	7156705	1046362	1094495	671777	177297	65572	87647	107130	256659	167704	264562	50587	245569	237809	576643	211796	371497	609203	42591	79025	254816	297011	520661	313146	397870	52669	98895	352243	103489	46576	120125	241188	468538	957868	81384	127330	272672	626352	4029021	8415453	479109	1558959	2749592	9257590	502079	1815624	318157	534584	23187338	15630878	1044697	1433378
Cal 3	Standard	Cal 2	1151113	736025	584545	1361636	1405224	630142	130742	4.84E+05	1612064	833600	18276655	2560325	2980822	1756200	541639	220968	242814	274953	719104	460902	699265	162747	790303	749848	2033458	822878	1269454	2270989	160216	327210	666274	810667	1668347	799546	1407653	131302	269207	1038422	306141	153377	308937	675935	414382	806919	295621	422003	936867	2151321	4381949	8835569	1356490	4237890	2285459	7986245	1184074	4169722	210685	359354	23797934	16923754	942019	1110236
Cal 2	Standard	Cal 2	2877018	1804026	1392591	3190523	2369102	1275381	289938	1.14E+06	2658533	1473070	39660626	6157087	6990248	4418245	1731226	666930	817404	843586	2386551	1590339	2462427	491042	2453564	2055962	6067570	2491537	4248867	7344492	483837	1004618	2247154	3009244	4294117	2732790	3749521	427059	885046	3697961	963656	472065	1005430	2265315	435500	800714	947895	1135128	3135498	6564090	4418418	9294430	6122343	19565013	3285191	10902412	8435620	25179948	251106	429738	22107231	16672713	902570	1215106
Cal 1	Standard	Cal 2	5051344	3119734	1998166	4676405	2998565	1569609	615390	2.40E+06	3622445	1997054	52100862	7125672	15686412	9382244	5288199	2103863	2711968	3108545	8378129	5263422	6693608	1454034	5759527	4778011	15191411	6142891	11819935	20745831	1255016	2708766	6572631	7882259	12223427	7459507	13834174	1621704	3198301	13649184	3241337	1610261	2689176	6112809	347215	712907	2106239	3331472	8667749	17614301	3221630	6954307	16431068	52790619	3101457	10042653	15318909	50974992	214045	383717	21725958	15631212	772852	993054
blank = water	Blank	Block 2.1	1805	42979	86538	40493	57237	88082	1685	1.38E+05	19369	4292	580101	23408	1632	1340	878	610	816	179	236	531	307	443	1310	10793	1809	1715	770	906	86	1770	916	176	296	552	968	276	440	2119	5213	421	2944	2352	2138	2422	2652	6964	5605	11441	4450	7704	14462	38053	3327	7635	6175	16759	892	355	2476	4846	238	667
MeOH 2	Blank	Block 2.1	2328	11416	28700	45777	68044	88837	3257	1.10E+05	2318	37230	343152	15865	1111	2033	1188	1178	3236	3022	960	653	199	948	2036	17873	2466	751	1181	318	86	2953	2841	1935	N/A	624	343	1945	678	828	10668	257	420	N/A	1362	9478	1901	1871	1920	1962	4146	22003	9394	22410	3539	7289	9521	31016	13489	31763	4406	1710	309	3274
QC 2	QC	Block 2.1	179219	103898	685654	1535331	488214	518196	106843	4.19E+05	158382	77543	675002	99640	246195	137882	3021365	1088475	616019	685092	45906	23712	708169	153756	1352845	1195117	12635334	5193955	556582	1183876	148227	294244	43645	55829	274946	191246	453216	63339	81890	312277	196685	97700	3720328	8075983	1074648	2171861	33519	37616	4439709	9069732	7666504	14881920	120581	435931	5935447	20219450	215769	763341	1169389	2031936	29291136	20661313	2361477	3126935
P45	Sample	Block 2.1	75605	41105	694865	1673614	807403	848267	300732	7.41E+05	195150	89678	845742	111088	156248	112965	1219071	524387	663821	709221	33018	23750	1460112	331362	328250	303258	11396786	4569239	538934	1579273	173131	371002	47378	43183	146089	86787	616284	69273	81347	332317	281670	115858	3102779	6934656	1183292	2257217	26711	40801	4518996	9980115	7821115	15662802	116287	367836	6039236	21378764	424442	1584735	1662321	2878226	33136444	23261210	2816223	3668983
P74	Sample	Block 2.1	191406	109027	799800	1751648	398136	646042	64983	2.62E+05	188584	90953	1256186	147827	302078	167163	3628143	1497775	1481042	1535557	61331	47661	1149641	238854	4621363	4159055	14463818	6032572	730496	1593907	49133	123775	109080	139823	773837	470168	788659	86744	135643	601616	300466	134543	5059354	10814220	1455882	3161423	49452	60839	6065402	12534897	9944861	20225958	160458	625144	8601895	30313026	126691	490180	1584013	2645368	42863969	30090628	4079836	5518953
P59	Sample	Block 2.1	225116	149075	827368	2067456	565625	716718	84405	3.97E+05	151102	74792	1086980	130161	141434	91906	1857049	686116	1173827	1328509	77889	64436	1245238	273572	4727008	4062451	19121537	7899691	888995	2102348	64191	133221	59594	54491	513376	315145	945530	118225	117088	525966	305822	165043	5138738	10777724	1608440	3234251	47381	66979	7234128	15384334	10381254	21245333	175067	612819	8921662	31611464	299033	1084516	1457182	2543999	44360449	30966415	3712986	5128983
P87	Sample	Block 2.1	318788	211365	494728	1259646	347363	581011	217389	5.40E+05	188877	91982	498513	76437	10068	9528	2053932	771134	614750	576871	40898	26608	577447	108232	230219	249358	14218750	5791372	569102	1126639	274575	530773	27214	30629	329968	215801	533909	59578	90966	355332	148316	81953	3300996	7482538	1016337	1897506	14806	23058	4624417	9787468	6552736	14166575	92443	359518	5299390	18716080	215996	705511	942134	1602021	28283679	20957074	2356671	2942295
P75	Sample	Block 2.1	337376	214217	921313	2164501	521784	573109	81935	3.59E+05	180015	83410	1124077	123895	113498	71788	4914180	1989794	713817	820894	39457	28745	596900	121423	194180	183771	15091657	6108589	353988	785541	141572	299783	95907	92647	235466	170424	597751	63673	92632	295554	279506	146788	8019594	17146494	1168651	2307225	42738	53274	5037935	9487803	7749400	16218185	180724	499849	6766028	18358365	334489	890465	1316790	2203044	34438873	24541198	2735781	3836480
P57	Sample	Block 2.1	267442	194588	450803	1126125	331514	449062	21083	7.56E+04	81431	63260	775657	65366	303373	197004	2597772	1141569	879855	953401	71767	34174	983995	210632	2677783	2448737	13811815	5911375	1091647	1885158	53915	135955	40795	33277	380528	221864	662567	76236	118352	437270	219819	112352	4068854	9481973	1517257	2912894	29017	36374	3539593	7739553	8159135	16587294	140968	509699	7608683	27728307	194880	705130	1593180	2850853	35670019	25542058	2607790	3090041
P48	Sample	Block 2.1	77528	52806	760933	1706615	416582	527282	174138	4.90E+05	104147	65989	799785	119270	5503	3818	1856610	722502	1098473	1027470	51083	33091	766079	169168	1153178	1170095	12249642	4910017	761706	1663030	122816	293114	45892	30693	412649	276389	608779	57179	81932	319992	273421	96904	4674322	10317445	1056940	2395686	27883	44885	4319039	9056269	7240306	13804638	125967	491177	6539439	22284979	49695	223562	1681014	2841330	31125093	22209208	2432160	3400898
P55	Sample	Block 2.1	88046	42134	651374	1599391	430994	544810	47900	2.50E+05	132865	68938	803061	103438	36517	23198	1043297	401641	935551	886116	41262	26659	970061	220965	2908799	3049254	14601901	6345553	649782	1508301	70234	166936	39134	34860	303125	205736	846272	92959	113005	440287	256754	134895	3768679	8263540	1308447	2995842	52025	77777	6233151	13601743	8485254	17095272	178226	560423	7589307	25485120	325903	1193079	1168715	1991772	35219780	26119729	3066230	4159297
Cal 3	Standard	Block 2.2	920207	610129	576861	1234984	1051091	523142	118292	4.19E+05	1297295	699325	14905345	2239353	2235495	1491189	442031	170757	199685	248297	622700	441368	677106	123059	546474	651919	1818278	758233	1215708	1997655	130296	267257	598302	741419	1241890	814763	1158557	126954	223233	1050833	274049	137354	269365	637810	343428	700588	317409	397769	987075	2090387	4212912	8125000	1146372	3955609	2071580	7133953	1088511	3410570	196010	314586	21108038	15104403	785961	1104254
IS Mix 2	Blank	Block 2.2	N/A	5725	30106	39061	39649	27919	1723	6.50E+03	63062	43000	503136	18635	2631	904	2485	34595	4243	7771	1392	955	1224	562	3080	16394	2690	2143	4596	1068	11575	3381	4370	5032	3351	976	345	1988	2127	2237	14798	842	3408	474	643171	1282441	1261	1829	20206	8523	6339060	11668801	3268	30480	5383406	19432779	6837	28030	486890	853593	30137351	21162024	1692425	2183807
P62	Sample	Block 2.2	273163	153474	422484	1030330	283914	465772	118403	3.08E+05	135090	81413	746311	85047	94636	60205	2664207	1067141	606582	632162	53710	36462	498945	104209	174218	188140	12679008	4972889	422492	871687	241006	493659	30969	31775	196590	110905	497305	53430	66839	311084	174705	84102	2967053	6417275	1110653	2170534	32795	48660	4114062	8848022	6605604	13837468	100178	353831	5551902	20511293	172289	620327	1090206	1958344	29078234	21344181	2627949	3729856
P85	Sample	Block 2.2	121020	85937	636452	1529849	483096	722227	79611	3.36E+05	122115	50385	547506	65964	369716	221045	3609998	1375424	731871	747093	37387	29163	935742	212282	2499132	2183498	19265905	7528360	748597	1577486	117579	236705	90953	89068	308522	223183	844954	93674	107922	427948	278081	148531	3760826	8528823	1197223	2314493	25535	41679	5136491	10274388	7807998	15582412	158621	552288	6807382	24697507	318412	1173222	1206294	1999806	31942928	23405495	3124630	4189169
P54	Sample	Block 2.2	270790	173509	537885	1279693	369831	471193	127880	4.58E+05	147606	75549	710406	86706	361398	250199	1720713	701298	802783	947789	35422	28543	691961	140557	186230	198415	9572335	4095662	459898	1118042	94713	279092	44581	39829	108011	61629	388432	49112	47205	194071	136705	63490	2359156	5239271	726349	1520383	28408	37302	3347382	7315768	5739752	11851668	105496	289279	4044004	14235909	139900	486649	671754	1229982	24117854	17216032	1911926	2524917
P81	Sample	Block 2.2	100589	50822	565417	1442599	340718	419248	77108	3.24E+05	96795	63680	697849	88956	137803	93320	1043875	396183	589018	588386	26881	23152	920207	188118	1936122	1771015	11112332	4652190	335951	979386	59567	127740	45651	40136	231804	156925	567556	75338	59560	286536	207364	96277	2632342	5476610	938675	1890763	38633	58004	3659640	7936256	7092758	13902785	116381	406455	5357013	18478546	290727	869265	1353933	2297760	29318560	22098423	2552071	3256470
P42	Sample	Block 2.2	57790	63995	371831	895330	352047	520077	62378	2.81E+05	97404	46682	716286	94482	19719	16624	905063	311138	835745	849031	35159	23149	878540	188645	1572130	1364212	12474740	5021405	771313	1607519	110897	260910	34628	25693	628937	406847	686765	77360	101804	369131	218866	114375	2765866	6807006	1099456	2055733	29690	36572	3937922	8749663	7278994	14194150	109678	396748	6425638	18884965	123257	455577	1269931	2314141	32260163	21338599	3165719	3400852
P58	Sample	Block 2.2	103037	59156	667319	1500940	562698	586670	198961	5.94E+05	158793	86178	1056680	135646	58412	50342	4456842	1766964	437999	452344	55446	31369	974910	215653	170160	159981	9014723	3914551	937880	1813166	67919	158663	33237	28899	530790	323990	754439	80590	97721	419494	253255	126318	5235013	11826162	1235334	2364203	37681	55754	3289277	6811280	7455682	15497278	146717	515906	6338613	21888719	93809	320641	1205255	2131326	31402299	23594428	2975750	4263260
P83	Sample	Block 2.2	516052	339920	752728	1803485	360803	714304	77478	2.98E+05	92533	50458	801415	113938	569087	353286	4315807	1761364	874288	717717	28160	32187	777661	172232	237112	268143	14077655	5726745	543725	1221294	155278	369800	53036	59804	150006	88104	537335	65127	98657	389791	249617	112343	3690646	8095593	1179555	2221579	21123	40484	3692164	7568407	7085961	16253238	112635	420750	6085615	21468382	589445	2203323	1560047	2747303	32507602	23640738	3286654	3965848
P61	Sample	Block 2.2	77518	42948	680791	1680884	338257	308583	88250	3.45E+05	196982	99357	934725	116353	9826	3744	1602412	604610	570510	473061	25088	16266	645455	121299	1806320	1925973	13026242	5264520	625466	1215165	59495	114062	36459	31146	273332	198778	474280	49297	56875	230719	202619	113671	4172362	9903486	766999	1505912	37418	48334	3123174	6527295	5155343	11228792	76885	271391	3696316	14481484	94886	343812	892205	1527846	23320852	16989444	1954776	2520352
Cal 3	Standard	Block 2.3	763915	536443	464899	1080114	928411	454993	151454	3.69E+05	1198242	604164	13993467	2094564	2201195	1335725	441473	169049	195599	212457	596334	361187	534795	121657	576066	555082	1818478	691420	1086392	1879127	100952	240303	465990	646603	1038085	685284	780567	131677	237347	937336	254931	133450	239809	554940	344061	653959	232715	304473	947341	1688743	3622809	7834940	1015291	3493005	1889186	6366082	860582	3130027	171960	301358	18582674	14428643	795084	877542
IS Mix 2	Blank	Block 2.3	1444	13050	31539	34663	55732	N/A	1488	5.98E+03	67792	7798	524425	11835	1795	626	1244	43538	3619	3373	1212	2271	3332	375	2228	23256	2664	1782	2105	1011	10006	3948	5150	5499	2921	992	547	2413	312	N/A	2200	1540	2364	5347	601699	1273816	2414	3255	11298	4333	5937669	11785418	4119	27817	4808954	16804723	7406	29133	437032	766089	27292267	19008420	1667390	2201927
P80	Sample	Block 2.3	53155	29483	518109	1304333	484020	594086	292258	9.31E+05	114850	63852	578545	69361	158687	100583	5741062	2133175	243408	265742	21258	17129	764864	164167	186764	198755	8648531	3658308	581519	1235947	166998	370561	21976	23531	183634	144363	320855	41052	79863	344890	232533	134685	3827165	8098508	1028027	1993788	40408	47348	3875835	8402425	6801145	13041949	126358	472477	5058006	18516282	96656	395765	1186812	1968849	28803343	20842808	2726486	3688245
P47	Sample	Block 2.3	179809	91479	584040	1464044	435537	630187	49469	2.34E+05	117901	67775	689046	74301	90510	63602	1671889	689200	701590	576236	49770	34497	539149	109432	244314	288214	12803517	5606197	529908	1015241	88785	219733	46777	60162	192879	125776	701085	89325	112040	410888	253438	147352	4676151	10662364	1017575	2094851	29360	44525	5160901	10765794	6927265	13467765	117778	433322	5814375	20070506	151757	626351	1167144	2094063	28179088	20897494	2989149	3557559
P44	Sample	Block 2.3	77497	54238	406151	902269	395537	535758	127567	3.72E+05	105726	59236	631156	71087	690846	401953	1476691	631306	504348	471206	29290	20856	633050	149003	1646282	1758173	10163368	4055986	518449	1086003	88971	215053	53387	58513	144450	108203	321560	31933	64504	204975	106430	55719	1949979	4355389	694453	1357704	21915	28254	2892578	6057216	4594038	9628345	82225	284348	3387896	11917098	99514	411694	767098	1333137	19035826	14100239	1782536	2313609
P67	Sample	Block 2.3	96723	52709	596335	1337442	472339	484807	185212	5.50E+05	122022	63151	482653	51534	284555	178461	2457354	1062439	910763	862581	58716	53089	981224	191151	1211945	1262873	13025565	5232733	757831	1574613	97012	245900	53621	56913	121025	73176	362648	44221	64242	310849	155995	81788	2876140	6412002	828874	1672831	30153	53521	3375699	7358978	5851859	10668882	93249	332203	4246174	14882902	101644	370982	914768	1678045	21672785	17190718	2125291	3035465
P50	Sample	Block 2.3	153993	112293	501371	1218960	534802	534914	71900	2.89E+05	79184	70765	425231	68361	121485	66821	982225	375657	418611	546569	31549	32506	1065349	249694	1346620	1308650	6586102	2738715	631749	1636680	41798	101472	28021	28340	301832	207745	445926	55132	68981	279625	226035	111338	1840697	4608159	1018886	1966541	44647	55594	3182563	6113779	6520582	13606275	119318	448393	5123793	18906296	215092	653273	1062866	1871442	29214085	20257814	2716634	3399205
P70	Sample	Block 2.3	42698	33258	387741	884207	284555	370294	57955	2.38E+05	105468	56751	514982	48503	16690	10278	2245369	741367	386748	456576	14317	16445	650137	119120	1277206	1341344	11604672	4925018	482161	1024350	28556	71664	18796	17614	129175	67381	406414	44206	70197	243225	188735	52624	2749232	6055975	829099	1615355	27253	23761	2866834	5980021	5700135	11621323	94095	328757	4128368	16586906	199257	664335	831005	1447495	23457938	17399601	2543299	2419860
P84	Sample	Block 2.3	57378	39091	649771	1534928	328705	412745	77875	3.12E+05	155814	73209	563695	88128	174930	100782	2867932	1151193	393174	455717	25205	12818	329622	77255	1826414	2055360	12361742	4569905	314996	661990	124078	343892	31171	43216	130454	66924	382437	41422	70900	286645	136587	70374	2806580	5800054	666185	1400505	18501	25180	3021199	6242425	5358715	9708946	83605	240725	3452412	11765598	62074	259457	689923	1263383	20628129	15981139	1817824	2269672
P76	Sample	Block 2.3	79325	51118	438612	1068165	375951	452429	129377	3.44E+05	106385	56097	545961	57121	150041	91992	2368446	939185	520141	657659	24937	18405	467819	102082	216169	251860	9761798	3852010	436737	917255	121657	306089	33024	30107	104941	81044	418982	46111	51296	233387	221378	96926	2418437	5809680	745537	1520233	22020	39390	1643967	3376553	5731709	11492479	78317	311944	3990442	13751389	203131	648244	868757	1551069	22417297	16396068	1828442	2317155
QC 2	QC	Block 2.3	135890	108532	484280	1270339	357418	479797	95190	3.62E+05	98350	59824	617727	61582	175130	87557	2125447	926636	476485	542233	28097	17673	616374	125377	848304	1008656	10435349	3873030	502608	985785	104635	227705	47122	45339	267438	156063	315819	44936	73372	290064	158064	88978	3001886	6618841	874029	1615217	26440	41139	3754267	7552188	5646056	11005131	86366	311347	3959561	15446142	169416	632652	955454	1643289	23831874	16799265	1834054	2717699
MeOH 1	Blank	Block 2.3	2147	7710	29305	46912	53230	72155	1700	7.56E+04	3323	29491	314314	7511	627	1587	1573	543	1711	6284	541	194	613	390	1647	8034	1208	1078	1688	1107	1495	3283	1262	2188	762	265	513	38	843	168	4106	325	1844	4176	1863	2840	873	1822	3920	6790	5716	20702	672	1929	3200	14449	3092	2983	7732	23215	1119	1927	522	590
blank = water	Blank	Block 2.3	2594	11647	102402	37597	55382	111641	215	9.25E+04	16274	1500	679949	10175	N/A	453	655	849	335	236	181	282	161	179	1306	7923	1307	1386	1191	267	119	2534	802	N/A	684	179	442	79	230	234	1569	270	512	N/A	763	1226	847	960	650	2928	3657	2501	242	606	1881	4090	261	858	988	395	2186	1710	605	295
IS Mix 1	Blank	Block 2.3	3769	6329	26772	33997	57312	13062	3187	1.23E+05	13614	6992	304867	8931	1459	950	736	14407	2477	3986	316	566	642	709	2878	13675	2352	513	1066	1627	4832	3541	4558	4625	1851	433	2069	122	161	688	2108	687	N/A	1953	197994	455299	3525	1598	8268	3581	2125040	4050730	1542	7196	1429141	5176138	1113	10386	159156	294396	10363729	7938295	425397	588801
Cal 7	Standard	Cal 3	5197	7210	34579	41613	18719	70592	2527	7.78E+03	23704	42858	466528	25192	2056	1663	7126	12788	27437	28414	10343	9091	5371	1323	3924	22049	7959	4926	N/A	12957	2800	1868	11721	13857	12504	5886	8670	715	2080	6902	12193	1155	942	15449	352194	766594	4015	8473	14684	10940	3290168	6661354	4051	17141	2803252	9891359	2668	35223	277046	487380	17169312	12274690	925219	983922
Cal 6	Standard	Cal 3	31801	24859	42289	80458	73066	69964	11119	2.53E+04	90041	44494	866713	99070	110202	69817	20019	13369	22128	14220	28102	14995	31328	5564	22098	35341	56581	23177	38863	74278	3178	10415	27013	32691	59872	42082	43790	5584	7432	44605	16403	4620	14122	24608	500458	926501	7822	11542	21492	68974	4130546	7939456	34350	149437	3144874	10910103	86214	306769	329170	540232	17238973	13613018	763912	1306886
Cal 5	Standard	Cal 3	97654	58743	100227	182704	175268	171347	24129	7.72E+04	220714	110650	2370988	287298	367812	187274	67949	17501	58741	38726	105670	59950	64181	12580	44350	70177	135841	57152	125348	190416	12040	23675	70363	95108	225315	132333	141714	15184	35579	122230	48631	20335	34069	121097	374028	772392	27433	33674	97142	173658	3514203	6859860	117323	387874	2765325	10094659	160378	547611	304300	542526	17805278	12606619	1009609	1239480
Cal 4	Standard	Cal 3	285715	162045	170043	370928	401175	270800	46431	1.30E+05	548974	269132	5470143	789417	758358	423810	141807	52789	70502	76337	158035	111540	197740	43052	138524	156924	429945	181854	324615	527543	24891	64853	166193	199181	372016	233056	304365	35038	62081	273492	67618	34693	71440	166847	322860	654143	59197	79796	212129	443439	2889482	5930385	324086	1126360	1841109	6280953	355293	1203071	216436	404587	13910025	11610363	813763	1187710
Cal 3	Standard	Cal 3	815809	536609	465098	982166	879465	547060	105655	3.55E+05	1192798	593885	15102295	2020886	1914049	1152183	462894	192478	177715	205291	488936	353447	532018	113369	486748	543276	1660573	638401	1096304	1831558	80162	250807	513139	647311	1082780	579950	913208	116157	222708	884400	254873	134086	180189	503783	289544	575006	198781	275014	702089	1400601	2903876	6124388	927250	2847886	1542015	5471216	787348	2617679	168011	269410	17493524	13166494	667107	858293
Cal 2	Standard	Cal 3	2012537	1166087	1086808	2537398	1695025	838631	345807	8.65E+05	2156756	1148685	33884075	4630630	4722696	2995433	1182255	484218	597053	673285	1906714	1132747	1762230	419140	1341383	1588628	5033781	1937606	3916977	5524497	314030	648361	1675410	1984108	4082357	1870278	2898910	360172	672614	2950015	775220	404702	659239	1435995	289993	554657	685693	875526	2306247	4807643	3323585	6230277	3823540	12260152	2005457	7513039	5593731	16831702	188187	323866	16926254	12483863	855848	849297
Cal 1	Standard	Cal 3	3627754	2393882	1570237	3686594	2271556	1237213	526486	2.11E+06	2781052	1568969	45728931	6666237	10798241	7174812	3827559	1358254	1979049	2294639	5824424	4204110	5357291	1150051	3496354	3567997	11364656	5018410	9477764	16850756	719148	1824652	4614606	5841303	10354124	6005070	11226138	1245832	2737358	10906797	2660369	1455205	1991317	4433416	259603	465585	1526090	2118045	6195754	12551568	2350804	4752479	11833340	38646946	2116377	7094874	10666557	31317852	159013	323435	15579640	10554403	726666	914283
